17
212
234
33
205
115
196
7
174
51
16
195
219
229
242
169
60
224
26
30
168
127
151
32
122
226
37
63
129
149
14
134
58
209
140
236
165
1
118
120
104
48
260
18
178
84
221
141
189
170
192
207
39
45
56
114
191
167
262
85
116
238
77
54
193
57
22
90
256
197
250
53
42
128
98
34
183
137
10
171
222
243
113
4
52
246
220
31
3
94
80
102
217
86
70
247
198
180
76
62
67
81
214
12
190
133
157
139
237
261
232
166
123
126
111
35
69
25
145
65
213
109
161
172
44
131
110
117
152
201
158
227
97
23
59
107
216
144
255
75
20
72
240
96
230
231
2
235
13
257
87
223
154
119
251
153
203
66
108
36
259
136
200
55
83
148
208
218
176
9
263
163
78
71
50
182
132
206
147
184
46
28
233
8
91
49
142
41
179
130
181
106
105
187
21
138
61
215
241
156
47
155
204
64
100
92
188
194
175
253
239
210
202
252
185
164
125
249
146
248
27
68
265
162
186
79
135
199
43
24
173
40
160
74
15
159
95
19
29
112
258
150
264
245
124
244
143
254
101
93
121
228
225
5
82
73
99
89
211
177
88
38
11
6