170
75
92
93
258
186
174
154
202
139
162
189
194
203
261
224
117
63
195
142
247
45
76
119
175
138
209
165
33
51
64
239
226
4
85
161
246
220
196
121
233
211
169
221
56
150
70
207
127
147
108
137
101
235
241
200
197
163
18
105
164
43
259
69
52
115
188
166
60
192
40
210
225
243
260
3
234
153
242
35
22
126
94
262
80
232
256
38
183
27
5
199
39
131
160
2
79
231
218
130
244
219
238
88
59
172
208
201
151
78
77
61
134
30
113
83
111
99
84
82
62
248
107
37
253
265
129
13
97
11
46
102
66
15
215
257
136
236
125
254
42
182
185
67
109
1
146
123
25
145
250
89
217
28
168
73
90
263
48
7
118
116
237
157
17
252
57
53
184
133
222
36
114
223
240
206
152
47
31
173
20
14
100
230
191
159
104
65
12
177
96
86
81
190
148
44
29
26
6
181
143
71
98
95
227
9
179
74
149
213
41
32
21
49
72
255
212
204
141
171
251
112
158
16
193
167
140
144
91
228
8
122
54
50
55
58
156
198
178
68
264
205
216
214
24
124
187
87
106
180
10
155
128
34
245
229
249
120
19
132
135
23
176